-9.391702 -8.362343 29.390841
-8.161988 -9.559919 24.587723
-7.456614 -6.174601 27.462242
-10.091335 -10.954226 27.945426
-6.502178 -6.948847 23.932146
-9.762242 -7.744006 30.897454
-7.645287 -9.808510 22.580638
-7.041099 -4.607809 28.422519
-9.965125 -12.897402 24.847665
-4.938058 -3.789937 24.704481
-11.699109 -14.711188 27.426516
-3.386400 -2.167991 23.383457
-6.738846 -11.386230 14.987592
-6.491031 -12.573685 8.857670
5.305910 2.716560 27.015717
8.467791 12.953823 19.420690
6.301266 0.447838 31.319150
-0.908630 -1.811467 17.358285
6.227650 10.777155 13.893086
-14.709219 -21.496848 27.397595
2.629524 1.352471 22.834557
1.357739 2.384769 11.208831
-13.355146 -14.670303 32.038630
-1.924471 -0.162716 23.186577
3.097535 5.117815 15.027063
2.503295 4.846498 7.433725
-9.306021 -4.646790 33.000368
-4.520751 -6.682363 17.226342
-14.025531 -11.289133 37.004525
-2.053472 3.036256 27.996049
1.495248 2.438604 13.215584
-12.511556 -17.555860 25.881824
-7.342810 1.681374 34.798513
0.422969 0.301546 16.352421
-6.300307 -9.516931 18.734702
-8.492139 -2.759813 33.138624
-1.803992 -2.519184 16.035579
6.162329 11.090227 12.222049
-10.082840 -2.169357 36.506945
-18.089172 -18.916872 40.000021
5.609728 7.074522 20.888257
10.084541 6.067753 33.246833
5.027356 7.196398 18.244401
11.873913 6.761987 36.281476
0.847141 0.259307 19.379882
-5.089336 -8.029216 16.917895
-13.019511 -7.722077 37.844931
-1.239907 3.198779 26.932513
2.648777 4.471990 12.920897
-13.610964 -19.253740 26.969495
6.346259 -2.194385 33.651655
-0.544528 -0.573874 15.759177
7.463978 11.504935 18.673298
7.283651 1.213984 32.329777
-0.097642 -0.535373 16.687460
6.085913 9.198267 18.651172
8.901718 3.087545 33.611211
1.692559 2.282123 16.331979
-6.140315 -10.978415 12.495189
11.390338 3.449891 37.940845
-1.861481 4.169957 28.964162
5.881953 9.555865 15.740813
15.030318 11.659395 38.951762
-0.955305 2.062717 24.816359
-1.601054 -2.762811 13.524947
12.257918 17.938622 24.438599
16.687776 13.641466 41.110074
-3.134859 -3.746224 19.169433
-11.463841 -17.627961 22.087542
-3.114388 -6.330372 4.900477
7.298466 4.486999 29.109859
9.351125 12.641201 23.293368
5.050964 3.139819 25.904481
10.182226 14.571407 22.813442
4.135917 0.825291 27.001698
1.056044 1.695308 13.177619
-11.729754 -16.490494 24.952538
-3.838345 0.961122 28.546082
-1.297822 5.569390 29.670504
9.626087 13.633503 22.509565
4.515180 1.687405 26.672569
4.799272 8.004664 14.299280
6.954099 13.179874 10.226834
-5.118151 -1.874510 27.660090
-5.202373 -8.524977 15.069636
-15.184765 -19.750280 31.168043
1.966285 -0.403062 24.268192
-3.146237 -4.992390 18.837640
-13.782440 -17.033197 30.421142
-5.381410 2.596912 32.522229
0.783532 1.033059 15.141816
-8.917083 -13.863210 19.437137
-6.900608 0.072310 32.795383
0.015951 4.392065 26.582974
8.622847 13.436464 19.016860
7.277543 0.152185 33.236269
-0.198443 -4.187583 26.013821
-8.302764 -13.171837 18.206813
-9.136110 -0.919918 35.786864
1.181015 -4.406597 28.291944
-7.240902 -11.529827 17.275639
-10.237692 -2.314728 36.674883
-8.629381 -17.055012 9.036940
5.817691 5.288653 24.668912
11.370792 11.061971 31.046444
5.288236 6.377688 21.198208
10.977211 7.504107 33.769212
4.421919 6.071880 18.515646
13.331592 10.506742 36.144105
0.939856 -0.501492 21.818025
3.125022 -6.650466 32.778953
-9.787921 -12.742883 24.536232
-5.038734 -3.781616 24.963998
-11.578914 -14.644606 27.164956
-3.478978 -2.259090 23.468096
-7.286861 -12.164151 15.775323
-15.000168 -21.679688 28.104161
2.751571 1.790048 22.339344
3.512890 6.228412 11.612324
-14.592929 -12.152298 37.534469
15.778607 24.065419 27.415376
-4.865911 -5.425761 21.694645
-12.133722 -10.202444 33.732177
-3.492145 -4.235124 19.373999
-13.224751 -17.424384 28.288620
-5.671824 2.293810 32.706938
0.182501 0.014096 15.715707
-4.594961 -6.790283 22.139915
-10.881294 -7.813947 33.272257
-5.063061 -6.930474 19.094853
-11.399975 -6.638545 35.421029
-1.912502 -2.201236 18.088903
1.725197 3.203682 9.423193
-12.474507 -9.541259 35.127729
-2.143011 -2.183014 19.277582
-1.085194 -1.997997 9.463465
12.636765 12.269734 32.836801
2.950607 2.968676 20.434314
8.883946 14.812670 16.998107
-12.971686 -21.758101 20.579429
3.694629 2.869341 22.979227
10.058595 15.458894 20.715603
7.316274 -0.666794 33.969389
1.145216 3.017906 21.580291
4.459188 7.942907 11.802687
-14.186555 -9.550877 38.832348
4.231383 -3.897875 31.958208
-4.336199 -6.940506 15.243213
-13.775729 -20.311295 25.972527
2.720806 -0.805125 26.384856
-1.989403 -4.739227 23.745670
-11.965361 -15.750658 26.773366
-2.970898 -0.510054 25.049701
0.892514 1.584595 13.130986
-11.499642 -16.178578 24.684036
-3.664379 0.552488 27.783663
2.278216 3.907334 19.386242
9.986683 16.349698 18.579204
-16.686719 -16.052387 39.040821
2.584624 2.642211 19.854832
5.718773 10.218124 12.261042
-12.280307 -4.840737 38.598542
1.829155 -3.948501 28.683071
-5.127506 -8.434632 14.909799
-14.437778 -20.739602 27.562579
2.347078 0.056449 24.376782
-2.625733 -4.349269 15.184124
1.446609 2.792860 7.436723
-11.095254 -7.839541 33.716463
-4.456477 -6.066672 18.685848
-13.174944 -10.202150 36.069005
-1.025773 0.136853 21.222409
4.029788 6.177254 18.739936
13.410629 10.915621 35.951251
1.006977 -0.466968 21.943115
-1.894824 -5.689113 25.781104
-11.815560 -13.813000 28.937328
-3.764806 -3.385724 22.223627
-11.713700 -16.472265 24.898797
-3.846211 0.949010 28.546121
-0.708715 5.421812 28.799025
9.853763 13.953660 22.742406
4.341104 1.490635 26.568494
3.931957 6.606929 13.633164
-6.748827 -12.729762 10.352424
5.322183 1.577182 28.401882
3.683136 6.034696 14.255653
0.039389 0.076973 6.395589
-6.801625 -8.828255 23.552030
-8.127955 -5.883098 29.320673
-9.380938 -11.688073 24.923947
-5.864892 -4.949519 25.288491
-11.437185 -12.049355 30.085290
-4.942284 -5.579964 21.638977
-11.951893 -9.701387 33.808647
-3.673744 -4.597418 19.183942
-13.733127 -16.452002 30.984554
-3.140470 2.148541 28.695685
-1.373007 -2.391238 15.866303
7.612312 13.211967 14.583056
-13.914735 -6.766157 40.407984
0.545494 -0.464639 20.346062
2.640472 5.771320 24.734599
12.076518 12.897523 30.734009
3.850702 4.020171 21.215594
12.956565 16.029948 29.321226
2.405911 -0.390408 25.190303
-2.884059 -4.631479 18.095613
-12.456643 -18.508322 24.206216
16.873278 14.799680 40.585922
-3.247967 -3.859277 19.345921
-12.119804 -17.829879 24.122111
-16.051740 -10.748741 41.947717
2.890278 3.514326 18.735249
9.494109 15.913735 17.299588
-12.824604 -4.022509 40.227599
0.852134 0.468315 18.660728
-5.630571 -9.046527 16.400707
-13.237293 -7.364226 38.577591
8.764062 17.182627 9.575917
-5.612743 -4.997076 24.581368
-11.623936 -11.738405 30.912795
-4.786613 -5.575036 21.126880
-12.190724 -9.836782 34.213974
-3.123795 -3.734338 19.153934
-11.390024 -17.588618 21.878188
0.543922 1.113898 4.091548
-10.569093 -9.813694 30.539897
-6.602010 -8.081646 22.292447
-8.597105 -5.541871 30.690198
-8.213731 -11.200448 21.976420
-5.981478 -3.341593 27.668048
-9.384373 -13.488787 21.908863
-4.688308 -1.447666 27.320672
-3.616458 -6.020453 13.767014
6.323018 11.945363 10.049056
-5.648939 -1.544031 29.057102
-3.170127 -5.135964 14.295561
3.847199 7.403795 8.100761
-7.709546 -2.829962 31.621122
-3.931688 -6.077110 15.865698
-13.794994 -19.745412 26.863089
3.576688 -1.827528 29.046047
1.876085 3.225169 17.818499
2.118468 3.973956 8.879150
-11.459186 -7.068864 35.174785
-2.350924 -2.883359 18.067164
-3.007301 -5.604612 9.386189
10.791939 5.119517 35.495334
1.150770 1.075321 17.999511
-5.999653 -10.163681 14.611523
-8.248073 -15.473839 11.527166
4.577342 2.176005 26.165260
7.025873 11.384320 16.582763
12.832284 5.443328 39.225110
-0.218900 2.583186 24.187238
0.827507 1.410220 11.726729
-12.021874 -15.456271 27.391305
-2.948991 -1.001579 24.242469
-0.720315 -1.210674 11.927751
11.510869 15.297524 26.074947
3.265077 1.142347 24.749956
1.765142 3.025341 12.112531
-13.797604 -16.405749 31.225372
-3.220356 2.245208 28.924274
-1.126195 -2.000356 15.541309
8.833258 14.615312 17.273215
5.815289 11.470564 7.553412
-5.664845 -3.319614 27.023380
-9.832790 -13.964354 22.650171
-4.353329 -1.423448 26.679786
-3.619301 -6.078875 13.501770
9.167377 16.450041 14.264263
-4.323833 -0.658963 27.565833
-0.466438 -0.666059 13.634286
8.944743 13.156301 21.082977
5.064662 1.217818 28.316738
2.396893 3.905257 13.755785
-11.155669 -18.192166 19.806217
6.055868 -1.341899 32.503629
1.370993 2.801645 19.694855
2.018942 3.709373 9.760333
-12.599557 -9.178218 35.727510
-1.535348 -1.164794 19.634049
3.708747 6.524573 12.236415
-15.265701 -16.554982 34.969137
2.736092 -2.639277 28.597236
0.046372 0.210425 14.085145
-5.711650 -8.105507 20.982036
-9.049709 -4.948375 32.205690
-5.987488 -8.775026 18.491959
-9.378499 -3.493139 34.153429
-1.507651 -1.910646 16.722153
6.346337 11.163548 13.290175
-14.601465 -9.138530 40.045995
0.533179 -1.113453 22.000503
3.911587 6.217236 16.678932
14.766660 16.872131 33.316360
-14.275558 -4.666465 42.581320
3.907104 5.413772 17.952919
14.310049 15.345251 33.762312
4.019218 -2.969023 30.838456
-1.185825 -1.788543 14.330371
10.645649 16.303549 21.420230
9.224355 -0.102915 36.692381
0.067796 0.725722 18.114355
-5.693774 -8.857360 17.561996
-10.741585 -4.229684 36.121158
0.041532 1.144961 19.999775
-4.817612 -7.885207 15.460827
-15.378930 -17.688562 34.073276
1.910473 -1.690392 26.078190
2.477791 4.059955 16.632174
4.766557 8.921734 9.777724
-8.024626 -1.986734 32.966634
-0.708303 -0.744792 16.324829
7.488644 11.845120 17.867953
8.743960 1.281698 34.825600
-0.447375 -3.508631 24.480278
-6.182783 -10.470934 14.563326
-4.620173 -9.099054 7.143413
6.330761 3.067637 28.706746
7.923620 11.966281 19.313921
6.440661 1.092915 30.954336
0.585847 0.699415 15.288476
-8.089575 -12.442060 19.150344
-6.586968 -0.713989 31.566431
0.548488 1.225156 16.833571
-7.305619 -11.893844 16.782202
-12.713463 -5.054824 39.278550
0.037946 -2.218356 23.070856
0.786624 1.413674 11.764823
-11.962111 -15.455854 27.214427
-2.984961 -1.004501 24.321830
-0.792029 -1.334347 11.953559
11.779073 15.495671 26.607013
3.086565 0.910855 24.700505
0.593427 0.975698 12.178803
-10.767076 -14.809296 24.474331
-3.727415 -1.350374 25.467054
-3.143128 -5.368762 12.769866
14.074147 19.599355 27.970902
-3.548274 1.980205 29.160613
-1.626568 -2.813943 16.916394
3.221494 5.992989 9.592020
-10.766306 -4.863592 35.656991
-0.792502 -0.463847 18.338590
5.813774 9.284479 16.684197
12.273579 5.641153 37.979227
4.375793 -4.313241 32.501329
-5.641126 -8.885208 16.475474
-13.033743 -7.064981 38.395878
-14.191343 -3.414701 43.227969
5.368113 7.557215 18.833482
10.658990 5.322687 35.060429
1.869832 2.295386 17.489109
-2.819062 -5.220671 9.713932
11.617855 6.301941 36.149901
0.872321 0.387494 19.062214
-5.350199 -8.559324 16.462975
-13.462746 -8.144775 38.427243
-16.196608 -8.417476 43.943581
5.175399 7.040664 19.295281
11.050805 6.240033 35.055894
2.317146 2.933030 17.708901
2.191763 4.112598 8.881668
-11.357238 -6.819014 35.182673
-2.295425 -2.823215 17.977271
-2.254390 -4.216698 9.038840
11.459289 6.858007 35.357896
2.053028 2.411344 18.107410
-0.331279 -0.624356 8.940635
10.512268 13.253758 26.090985
4.683287 3.933681 23.828402
12.143917 14.684174 28.738546
3.110432 2.068356 22.821303
5.764836 9.959622 13.604707
-14.033515 -21.442387 25.160520
2.748451 1.200821 23.420516
1.082180 1.874461 11.489208
-12.827211 -15.385364 29.784967
-2.392249 -0.537955 23.682890
1.718387 2.978811 13.043532
-13.039534 -17.976201 26.962459
-12.797454 -2.783301 41.017004
2.615965 3.509198 17.330885
5.288029 9.763398 10.632224
-8.375256 -1.701598 33.836206
0.432837 1.290384 18.372567
-5.867026 -9.786149 15.134433
-15.554371 -19.688225 32.320958
1.933000 0.253629 23.039941
-3.007053 -5.014542 14.582343
2.244619 4.353302 7.310877
-9.643096 -5.172824 33.186366
-4.661644 -6.808572 17.571826
-13.382412 -9.561359 37.085593
-0.671873 1.815254 23.794443
-2.357825 -4.004573 13.852825
10.760915 17.847230 18.813779
-5.784109 1.181154 31.933677
-1.451562 -3.512693 22.009332
-7.868535 -13.246120 15.883199
1.986891 4.008831 5.104960
-8.715313 -5.391681 31.097051
-7.716789 -10.779354 21.000915
-6.334287 -2.924488 28.870832
-7.443720 -11.402475 18.539894
-7.442395 -1.246581 32.579706
0.211781 0.749324 17.006654
-6.513164 -10.153944 17.798731
-9.164122 -2.380180 34.686846
0.310910 1.228006 18.895950
-5.490705 -9.112365 15.160590
-15.576736 -18.851107 33.340049
1.735631 -0.368318 23.677851
-3.298702 -5.194281 18.967850
-13.952699 -15.892943 32.229006
-2.774052 2.197914 28.168608
-1.310650 -2.281394 15.369747
8.879021 14.870275 16.861642
-16.007500 -21.215538 31.848804
2.907967 2.541332 21.266351
7.215908 12.389702 14.704633
-15.769967 -20.749011 31.698281
2.479005 1.659431 21.793024
1.989791 3.558925 10.800112
-13.651938 -12.204444 35.309732
-1.168013 0.623960 22.732534
-18.746703 -19.716882 40.992832
6.784862 8.336076 22.421573
8.335859 5.423401 30.266316
8.618024 11.585443 22.666957
5.736037 3.565814 26.863997
10.313461 14.116863 24.025306
4.117962 2.015833 25.379377
6.451539 10.690430 15.473933
16.016643 17.414334 36.047418
-1.598648 -0.222278 22.187448
3.611015 5.929733 15.207326
9.236103 16.436538 14.678401
-4.457095 -0.313674 28.213481
0.612290 1.160576 14.770215
-9.247394 -14.180432 20.128500
-6.021986 0.183989 31.428229
1.510770 3.368700 21.330286
7.037746 12.147118 14.391026
-16.249294 -17.914237 36.154395
1.942486 1.103359 21.312086
-1.763620 -3.142181 11.477923
13.871464 14.703026 33.328463
1.729329 -1.291001 25.161179
2.933581 4.722565 19.091523
13.310611 17.665197 28.225257
8.127692 -1.680806 36.035378
-1.538567 -2.110000 15.960217
7.560120 13.086380 14.656877
-14.965297 -9.430885 40.596800
0.959520 0.113928 20.314646
-4.581633 -7.174000 17.196435
-13.679924 -9.923550 37.423739
-1.403026 2.861429 26.760930
1.148557 1.889603 12.777375
-12.307406 -16.635855 26.587018
-3.293461 0.981489 27.634583
-2.397184 5.870305 31.272883
9.410880 13.159903 22.597440
4.743301 2.213314 26.468817
7.069367 11.393745 16.780860
11.976592 4.184467 38.501559
-0.703183 3.452617 26.412355
4.266649 7.235356 13.497491
-8.116067 -15.030649 12.066511
4.629460 1.405473 27.256884
3.453584 5.755552 13.658571
-8.181282 -14.953411 12.726465
4.794554 0.807193 28.275976
0.935859 1.432579 13.807470
-10.780651 -15.870466 22.718257
-4.748469 0.820280 29.919070
0.014035 4.949137 27.319330
9.823470 14.321691 21.974937
4.469140 0.623488 27.879728
0.346023 0.450384 13.848901
-7.918054 -11.648547 20.327809
-5.988173 -1.901799 29.310709
-4.152265 -6.698832 14.928049
-11.013168 -18.772157 17.982700
3.624301 0.225664 26.765109
-1.102557 -1.936070 14.427308
10.563052 16.301396 21.103206
10.689208 1.076586 38.371333
-0.503343 -0.128473 17.966794
5.243185 7.885251 18.762370
10.538153 5.039571 35.063241
1.684873 2.015532 17.466552
-4.266930 -7.745533 11.031552
12.096447 5.549802 37.702912
1.237959 -3.607786 27.439087
-4.331667 -7.263965 13.889021
1.580905 3.124728 6.200341
-9.989512 -6.497482 32.653947
-5.981277 -8.427997 19.314078
-9.078016 -3.874560 33.251652
-3.273585 -4.819241 16.432221
-10.649501 -17.814974 18.381394
5.250037 -1.042146 30.951754
-0.556187 5.007424 28.143737
9.341109 13.805755 21.150082
4.900416 0.651414 28.643499
0.362222 0.447277 14.228214
-7.739955 -11.468472 20.013531
-6.216335 -1.828820 29.815516
-3.490835 -5.588985 14.766194
-3.729552 -7.201640 7.883163
7.713399 2.964584 31.500396
4.361195 6.746917 16.112545
15.046188 16.660221 34.285063
-5.404035 3.067365 32.941419
2.214980 3.415716 14.836305
-7.513239 -13.482134 13.118921
7.049653 0.198833 32.814206
-1.135003 -3.426851 22.734531
-6.960422 -11.848204 14.861237
5.921836 11.569691 8.121960
-5.573608 -2.905755 27.343631
-8.736684 -13.124418 20.158638
-5.577205 -0.664223 29.846027
-0.074609 0.087768 15.055071
1.161185 -7.419777 31.238799
-10.354799 -12.182622 27.032883
-5.536253 -5.444427 23.666546
-11.468610 -10.334294 32.064739
-5.097230 -6.406659 20.455812
-11.281032 -7.462795 34.447756
-3.439496 -4.586839 18.141488
-13.379506 -18.242570 27.649725
-15.978432 -22.995888 29.531391
4.072970 4.358798 21.246730
13.149860 14.738835 31.409997
2.130161 0.593025 22.919197
-2.143869 -3.705278 12.979942
13.409659 18.619490 27.224142
-17.213387 -18.098970 38.488002
3.725485 4.405753 19.885042
13.506629 16.142214 30.727666
2.402892 -1.368990 26.539941
2.572236 4.384732 20.268919
12.492933 17.458745 25.951884
6.456835 -1.884856 33.576089
0.104957 0.518904 16.477150
-6.159276 -9.282131 18.767242
-8.702758 -2.996515 33.320775
-1.939689 -2.716288 16.135173
5.011947 9.205982 10.777605
-9.449147 -2.379942 35.203325
0.587621 2.023737 20.574019
-2.201637 -3.937998 11.262211
14.070133 13.271664 35.273358
1.530451 -1.947123 25.740884
1.978935 3.337422 14.808651
-8.288799 -14.576070 14.497887
7.533771 -0.074364 33.851494
-6.731273 4.666627 36.021429
7.351869 10.778828 19.583245
6.792623 2.039115 30.673180
3.246303 5.109176 15.042090
3.387981 6.528800 7.886648
-8.245380 -3.310627 32.182291
-4.034451 -6.149851 16.242342
-14.630674 -18.370520 31.221449
5.460814 -2.726499 32.747437
-1.221395 -1.758806 14.992421
9.713946 15.507539 19.237398
15.059720 8.711009 41.339716
-1.655580 -1.542999 19.010228
3.185032 5.732351 11.110315
-13.800607 -10.048318 37.583520
-2.340029 3.398450 28.822027
2.757120 4.550808 13.602730
-10.963463 -18.264577 18.832712
4.583770 -0.925859 29.753123
4.280367 -5.629945 33.411219
-8.559730 -12.249276 21.231947
-5.393798 -2.070069 27.974796
-5.733443 -9.284137 15.746394
-15.002263 -11.774455 38.791581
1.132399 -2.321542 25.550882
0.769398 1.377709 13.119409
-11.112193 -15.732979 24.109366
-3.699458 0.084811 27.291196
1.749297 2.966497 15.934392
-5.501859 -10.064335 11.176943
9.075392 1.864066 34.945872
-0.748280 -2.499168 21.444903
-0.800073 -1.427718 10.460057
12.306315 14.411971 29.563453
3.066191 2.252813 22.348107
6.503704 11.170744 14.245133
-12.538828 -20.982683 20.215212
3.361128 1.919074 23.742366
5.508565 9.448283 13.730514
-9.458014 -17.259756 13.719748
4.134600 1.839231 25.666146
5.606382 9.382972 14.631932
11.681759 19.948750 18.541177
-3.411903 -1.385898 24.713863
-3.027154 -5.221992 12.403407
14.729023 18.058498 31.873048
-5.786742 2.771563 33.267283
1.622288 2.406091 15.026915
-9.261412 -15.493151 17.202850
15.879180 11.632191 40.880139
-1.900984 -1.766192 19.441509
1.243034 2.281948 10.004751
-12.946243 -12.575065 33.266919
-2.390204 -1.985716 20.770350
-2.637816 -4.775900 10.515504
13.143214 9.257599 36.831925
0.618954 -1.131401 22.291759
3.801670 6.032994 16.812148
14.656153 17.200789 32.652910
-15.852237 -8.679705 43.034182
3.965495 5.300924 18.557994
14.058280 14.317979 34.194886
1.784982 -1.834252 26.047564
2.227347 3.701738 15.687782
-2.579359 -4.911430 8.312562
10.054034 4.976507 34.173433
2.965829 4.162586 16.998996
8.816463 15.410807 15.119021
-6.585173 0.418462 32.569639
-16.516825 -7.882882 44.977702
6.388979 8.554554 20.630363
8.328802 4.190329 31.503534
6.284171 9.366547 18.332760
8.934619 2.856264 33.870869
1.047361 1.203370 16.690983
-7.457772 -12.345557 16.287968
-16.053364 -14.452611 38.925327
1.473780 0.592235 20.948363
-3.864753 -6.532059 13.968404
2.384070 4.677103 6.730028
-8.960124 -4.712475 32.256643
-5.719777 -8.451064 18.106703
-10.231690 -4.143286 35.220915
-0.797635 -0.580173 17.877986
6.205820 9.971530 16.636597
12.073069 4.978517 38.093954
15.778332 24.551776 26.724066
-5.289149 -5.975155 21.995226
-11.271821 -8.579087 33.384691
-4.692896 -6.272745 19.177304
-12.402853 -8.645932 35.769595
-1.563086 -1.304799 19.331992
3.635698 6.447550 11.870391
-14.970170 -13.679305 37.037775
6.557739 -3.237461 34.762889
-3.733267 -5.795208 15.646308
-11.959720 -19.310869 20.957463
3.772708 -0.880662 28.345994
-1.136067 -4.737774 25.364932
-10.850958 -15.312537 23.865611
-3.731277 -0.402305 26.746700
0.552476 1.029242 13.845737
-9.723910 -14.381165 21.592626
-4.674868 -0.336990 28.580876
0.550585 1.070227 14.924415
-8.922584 -13.716167 19.789412
-6.152248 -0.044406 31.437768
1.440983 2.868000 19.574478
2.399496 4.412286 9.815810
-12.313591 -7.955997 36.184135
-1.112003 -0.570993 19.588776
4.999259 8.262812 15.138256
15.137648 19.607492 31.202452
-1.977404 0.642625 24.676504
2.634769 4.889417 22.356373
12.800326 15.330357 29.758405
2.419857 0.639811 23.574546
-1.425476 -2.495563 12.673884
13.027976 17.110109 28.130171
3.955930 -1.960658 29.779887
1.532030 2.692669 17.178908
-3.204125 -5.938932 9.760608
11.097147 5.230879 35.999873
0.604528 0.047912 18.908021
-4.817264 -7.260670 18.821694
-11.513527 -6.536928 35.738657
-1.452116 -1.416649 18.411209
4.674654 8.244373 12.428994
-15.524481 -14.867506 37.272628
1.292911 -1.672142 24.873600
2.626217 4.326425 15.571380
1.033381 1.992357 7.410837
-11.609188 -9.731734 33.021742
-4.562122 -5.862919 19.651018
-12.663646 -9.716011 35.377442
-1.800599 -1.555825 19.623104
2.053403 3.724478 10.587713
-13.464250 -11.311232 35.714721
-1.087071 0.389572 22.009245
3.224205 5.411809 22.037833
12.874955 12.979241 32.654335
2.562223 2.155148 20.971023
4.153604 7.448837 11.407732
-13.478645 -8.119720 38.481650
-17.609006 -21.358600 36.327421
5.079149 6.193138 20.851329
11.408719 7.974855 34.250119
3.684845 4.892440 18.415667
14.008188 16.694154 31.458735
5.312768 -2.738429 32.537869
-1.145701 -1.641732 14.952155
9.740012 15.416022 19.545938
12.218694 3.135001 39.705146
-0.631848 -0.151523 18.659007
5.155363 7.883069 18.115857
11.253762 5.538943 36.052174
0.692604 0.167085 18.931250
-5.114065 -7.880552 17.816472
-11.666039 -5.944567 36.537118
-0.360488 0.620926 20.054018
-4.261562 -6.434892 19.470620
-12.455805 -8.910938 35.648817
-1.670026 -1.455606 19.350525
2.991815 5.371905 11.177922
-14.012998 -10.995791 37.237032
-2.508192 3.314990 28.978336
2.380830 3.905003 13.582541
-11.802767 -18.669830 21.517898
6.547905 -1.535027 33.437840
0.748448 1.625847 17.702371
-6.138753 -10.506873 14.282817
4.409955 8.702717 6.958367
-6.472843 -3.162082 28.887112
-7.936733 -11.930441 19.448247
-6.333976 -1.180923 30.679459
-0.984261 -1.380243 14.953591
9.558586 14.950477 19.774883
8.472620 -0.056662 35.400994
0.902032 2.603789 21.195120
1.446677 2.608210 10.355549
-13.206129 -12.631894 33.834724
-1.923989 -1.130322 21.188163
1.795879 3.202880 11.421772
-13.888087 -14.498066 33.587380
-1.662201 1.278950 25.008341
-2.973749 -4.770376 18.989520
-13.401284 -17.636865 28.537522
-8.160617 1.701667 36.102427
1.642577 2.280376 15.936171
-7.206074 -12.641948 13.890307
12.521526 4.445778 39.350592
0.032115 1.663279 21.580456
-3.172753 -5.448078 13.199216
12.313390 19.617865 21.801478
-3.529220 0.849643 27.891390
1.628206 4.570252 24.153771
11.325185 15.815506 24.642991
3.514057 -0.020278 26.865085
-1.721098 -2.920610 15.495843
7.130901 12.708769 13.181639
-9.130487 -1.062360 35.669133
7.092441 -4.317351 36.300699
-6.891109 -10.220208 18.927888
-7.625925 -2.156755 32.090863
-1.960577 -2.883002 15.459152
6.803850 12.229248 12.623715
-8.643432 -0.962114 34.904776
-2.681859 4.882842 30.747662
7.493412 11.540806 18.431075
7.573495 1.156616 32.887837
-0.539722 -1.343580 17.803867
6.348325 10.595343 15.347492
15.865250 19.072169 33.898162
-1.875572 -0.512387 22.380938
2.850171 4.857333 13.547100
-10.954757 -18.339965 18.636878
4.291856 -0.729952 29.064276
-1.784664 -4.126334 22.722196
-10.811362 -16.166954 22.261954
-6.087758 1.155841 32.395458
-1.424741 -3.268844 21.332424
-6.318215 -11.038702 13.486494
15.709255 13.264168 39.146424
-1.090445 0.240766 21.681942
3.770169 5.801037 19.588504
13.365783 11.778942 35.042247
1.406260 0.298445 21.430061
-3.985277 -6.538830 15.232763
-12.207339 -19.724558 21.188487
3.312127 -0.397933 26.961186
-2.356812 -3.895672 17.831132
-7.523970 -13.385160 13.482912
8.159172 0.437597 34.491208
16.291009 24.859438 28.080373
-5.661377 -6.523411 22.149295
-10.477123 -7.429418 32.776038
-5.785064 -7.970247 19.582552
-9.482770 -4.485043 33.487348
-3.601324 -5.260250 16.809289
-13.603247 -19.085468 27.179994
8.120798 -1.657285 36.007686
-1.469179 -1.995134 15.984732
7.737096 13.279394 15.109098
-16.297286 -15.481602 38.597764
1.824829 1.237700 20.580911
-2.110193 -3.773933 11.266809
14.032763 13.466675 34.992853
1.493585 -1.749415 25.384644
2.436978 4.030569 15.584600
-0.986860 -1.899332 7.566846
11.731764 10.137158 32.895528
4.443967 5.614161 19.779872
12.931055 10.617856 35.142527
1.745834 1.287166 20.151798
-2.496823 -4.464178 11.300574
14.193831 12.828447 35.990839
2.051016 -2.692202 27.590943
-0.232627 -0.288979 13.445168
7.166122 10.341939 20.444539
6.832155 2.841031 29.936834
6.086946 9.478652 17.085019
10.993223 3.994430 36.783511
-0.149375 -2.707877 23.612057
-1.766040 -3.092432 11.458372
13.851306 14.679831 33.301923
1.710915 -1.218560 25.014455
2.936343 4.770717 19.781463
13.413783 16.848997 29.595334
3.465699 -2.031487 29.083882
1.549699 2.686063 16.610869
-4.723044 -8.647690 10.808347
10.315288 3.202306 36.135675
-0.429919 -2.391039 22.187811
-0.186522 -0.309220 10.911267
8.165901 11.311688 22.050602
5.942766 3.319960 27.612674
9.391508 13.515117 21.886115
4.683969 1.407087 27.361419
3.436776 5.719027 13.694212
-7.905388 -14.521441 12.313144
4.924719 0.880331 28.435329
1.154654 1.795654 13.826251
-11.250743 -16.613744 23.104661
-6.134380 1.373110 32.653763
-1.297920 -2.632899 19.305258
-0.369126 -0.673776 9.434150
10.622257 13.507184 26.040698
4.480672 3.609202 23.825056
11.852531 15.381767 26.952248
3.066504 1.110614 24.343383
1.344224 2.304359 11.913129
-13.231756 -15.961134 30.197084
-2.264599 0.690627 25.343291
2.521273 4.759384 22.307792
12.689084 15.792012 28.860056
2.504210 0.191825 24.512802
-2.230477 -3.758849 14.433693
8.691660 15.277015 14.805729
-6.316364 0.356965 32.073214
-0.152424 4.621667 27.130479
8.979533 13.698985 19.944389
5.921303 0.102419 30.992564
-1.342811 -2.546356 18.373557
1.558314 2.890455 9.470776
-12.620565 -10.309321 34.740127
-2.300073 -2.321234 19.558855
-2.710906 -4.975236 9.978265
12.205800 7.322184 36.496129
0.727104 -0.100597 19.996670
-4.242428 -6.401526 19.610319
-12.423200 -8.951200 35.542533
-1.789590 -1.662484 19.257360
2.162101 3.935719 10.424626
-13.267521 -10.461564 36.046549
-1.006193 0.279495 21.505473
3.657249 5.685742 20.512846
13.076102 11.751861 34.392119
1.939960 1.397726 20.596625
-1.300271 -2.354347 10.723274
13.232617 13.782217 32.700011
2.019078 0.898160 22.001288
-1.861973 -3.281702 12.020373
13.976841 16.171190 31.984881
3.370360 -2.469043 29.388251
0.503605 0.994781 14.908006
-8.766469 -13.435238 19.758696
-6.045456 -0.234034 31.080394
1.177514 2.254093 17.871695
-3.981955 -7.217966 11.002278
12.582821 6.551380 37.887514
1.492882 -3.567683 27.770556
-3.942478 -6.600321 13.751927
5.089272 9.797435 8.530450
-6.311088 -2.221429 29.586806
-4.863928 -7.770416 15.602273
-15.376781 -16.468315 35.343714
2.090103 -2.246567 27.113806
1.199397 2.092601 14.499479
-10.522174 -16.433415 20.684393
-14.675512 -7.325782 41.550631
1.854258 1.984931 18.533119
-1.903224 -3.508410 9.796092
12.716653 9.667961 35.544027
1.631330 1.256033 19.774865
-3.174229 -5.638183 11.697661
14.735511 13.576487 36.573931
1.175679 2.441807 3.278882
-9.313907 -7.095705 30.607866
-8.134278 -10.436720 23.072998
-6.596784 -4.594397 27.470203
-10.584461 -13.063740 26.463006
-4.816714 -4.272668 23.627876
-12.294074 -13.780638 30.266330
-3.302878 -2.927922 21.716920
-9.838628 -15.594477 19.546182
-13.738194 -5.572934 40.911454
1.229647 1.017339 18.664304
-5.312922 -9.072317 13.993399
1.398736 2.789155 5.692472
-10.007038 -6.875716 32.325483
-6.422014 -8.891533 20.032568
-8.170941 -3.622625 31.742986
-5.172329 -7.877300 17.015825
-12.827898 -7.450376 37.668552
-0.641733 2.696392 25.209646
1.001501 1.686284 12.150306
-12.348270 -15.990869 27.622216
-2.751953 -0.099051 25.189942
2.102377 3.535072 14.799773
-7.715530 -13.794896 13.405892
6.972798 0.095571 32.773323
-0.981780 -3.675959 23.680880
-7.848076 -12.965191 16.533986
-16.351351 -16.930571 37.384623
1.947268 1.296111 20.873776
-1.419365 -2.557179 10.961787
13.414974 14.005779 32.918367
1.804485 0.309932 22.588259
-3.192431 -5.329700 14.488781
1.390708 2.713158 6.881463
-10.780106 -7.583792 33.285691
-5.089133 -7.009976 19.006840
-11.351566 -6.490202 35.449817
-1.831460 -2.081986 18.072815
2.454208 4.525777 9.846965
-12.291577 -7.825581 36.249361
-1.034410 -0.441057 19.650507
5.016646 8.163599 15.734598
15.283614 14.472095 37.054553
-2.100118 2.674795 27.648031
0.159030 0.162259 13.512323
-6.210261 -8.807322 20.781832
-8.222263 -4.134415 31.347953
-6.437223 -9.592282 18.456487
-8.585850 -2.617439 33.435199
-1.217754 -1.532947 16.343314
7.731544 12.981392 15.946633
7.986287 15.220582 10.566319
-4.788523 -2.803631 25.776939
-9.397920 -14.135415 20.724461
-5.264527 -0.092380 29.877350
1.215722 2.212765 16.898577
-5.916805 -10.497469 12.712423
13.600156 7.020264 39.582325
-0.356594 2.302607 23.978615
-0.522909 -0.953596 12.102038
10.631720 14.637629 24.311924
3.826936 1.507245 25.460818
3.936777 6.710196 13.177226
-11.870369 -19.675820 19.901097
3.283320 0.215434 26.112358
-1.360517 -2.352321 14.316318
10.853500 16.929497 21.039623
16.658901 20.276399 34.803660
-3.202526 -3.306679 20.551030
-10.818157 -16.749780 21.220270
-15.061694 -8.197266 41.720603
2.098986 2.347399 18.561876
0.478763 0.885249 9.087231
-11.335503 -13.587181 27.959894
-4.207530 -3.835105 22.685882
-12.448860 -15.483429 28.570167
-2.669923 -0.796823 23.915680
0.496218 0.907919 12.201424
-10.429779 -14.477011 23.912161
-3.952694 -1.525521 25.707443
-4.073662 -6.916866 13.365706
9.910985 17.584462 15.347592
-3.949880 -0.849793 26.604923
-1.099210 -1.786481 12.984477
12.013574 16.590435 25.723428
3.571885 -0.978166 28.111595
1.893992 -5.742138 30.553874
-9.495788 -13.363057 22.533197
-4.641628 -1.974870 26.564553
-6.068857 -9.968284 15.517264
-15.712798 -14.667641 37.913659



