0.535239 0.854342 12.547468
1.120223 2.049817 9.711888
2.700175 5.171197 8.021921
6.807047 12.976861 9.851029
14.776775 22.654940 25.956932
14.866469 5.783551 43.003733
4.093352 -4.728942 32.459971
-1.479764 -4.625321 24.557286
-3.780565 -5.815804 20.054667
-6.300307 -9.516931 18.734702
-10.198419 -14.377255 23.302357
-12.751556 -12.537360 32.834600
-9.529975 -4.494443 33.574858
-5.163969 -2.086836 27.497445
-3.532622 -3.166348 21.949064
-4.162404 -5.736935 18.244283
-6.762826 -10.437814 17.811871
-11.177763 -15.650665 24.415405
-13.107091 -11.333040 34.869046
-8.492139 -2.759813 33.138624
-4.086010 -1.332035 26.250858
-2.753540 -2.590274 20.623295
-3.474888 -5.055348 16.791183
-6.090016 -9.870562 15.944914
-10.968367 -16.390340 22.442216
-13.974874 -12.801178 35.495130
-8.909928 -2.077670 34.476664
-3.565621 -0.144344 26.755173
-1.715179 -1.072538 20.600091
-1.803992 -2.519184 16.035579
-3.199699 -5.408014 13.123149
-6.677299 -11.663890 13.703764
-12.900887 -19.198373 24.662866
-14.415072 -9.497781 39.365157
-6.555617 1.212625 33.187602
-1.301803 1.683245 24.908713
0.453298 1.455443 19.045828
1.336697 2.313905 14.737582
2.787206 4.919414 11.924560
6.162329 11.090227 12.222049
12.669743 19.789831 22.863660
15.169256 10.664371 40.074782
6.801399 -1.860534 34.090825
0.885601 -2.527755 25.403650
-1.218707 -2.574643 19.539086
-2.602136 -4.290719 15.536752
-5.111382 -8.696142 14.057799
-10.098129 -16.254426 19.291134
-14.744294 -15.501189 34.713084
-10.082840 -2.169357 36.506945
-3.462526 1.024987 27.977738
-0.831768 0.429060 21.298230
-0.201059 0.031220 16.304148
-0.125619 -0.154775 12.488589
-0.227829 -0.410426 9.569530
-0.547454 -1.055423 7.353501
-1.434614 -2.855306 5.795116
-3.933730 -7.922927 5.657975
-10.431782 -19.613378 13.048477
-18.089172 -18.916872 40.000021
-9.109265 4.092591 39.143337
0.484457 6.228504 28.291450
4.075871 6.431321 23.096976
6.369096 8.911007 21.213990
9.300561 12.409801 23.759902
11.520508 12.153143 30.218771
10.002586 6.798305 32.391448
6.702249 3.965986 28.449448
5.090478 4.601954 23.826777
5.609728 7.074522 20.888257
7.927083 10.983375 21.369247
11.039395 13.535609 27.123040
11.414164 9.377623 32.917947
8.032413 4.290093 30.815509
5.250598 3.641615 25.668851
4.792659 5.389136 21.526818
6.341762 8.813626 19.889575
9.539887 13.141129 23.072945
12.121117 12.743531 31.024212
10.084541 6.067753 33.246833
6.153216 3.051869 28.363126
4.369936 3.830474 23.154108
4.875713 6.361160 19.710451
7.325030 10.703232 19.641131
11.107270 14.598551 25.807880
12.253987 10.368497 33.843817
8.314138 3.631268 32.010514
4.731951 2.533352 26.019285
3.826667 4.054768 21.060307
5.027356 7.196398 18.244401
8.219618 12.355748 19.688925
12.306985 15.238576 28.482543
11.829454 7.884972 35.223576
6.809480 2.120548 30.624038
3.684509 2.094240 24.254800
3.272380 3.871194 19.416363
4.795491 7.294620 16.788895
8.431522 13.147852 18.835016
13.017391 16.063304 29.452348
11.873913 6.761987 36.281476
6.034606 0.999756 30.322858
2.813188 1.223929 23.543528
2.324243 2.730882 18.436879
3.510451 5.537584 15.140098
6.694781 11.201054 15.303789
12.223100 17.815383 24.502939
13.983597 10.416195 37.670010
7.378054 0.296931 33.284305
2.391828 -0.505046 25.329756
0.847141 0.259307 19.379882
0.735859 0.988121 14.882805
1.319261 2.290615 11.540854
2.958280 5.492073 9.545422
7.067118 13.108416 11.337668
14.565289 21.628812 26.725734
14.389136 5.980845 41.917749
4.445157 -3.781495 32.157955
-0.780730 -3.716404 24.193968
-2.864261 -4.641110 19.236093
-5.089336 -8.029216 16.917895
-9.050286 -13.918983 19.877649
-13.278835 -15.339729 31.070570
-11.132767 -5.540744 35.814945
-5.473653 -0.975174 29.339615
-2.730130 -1.506254 22.821271
-2.528377 -3.186777 17.977952
-4.010279 -6.408398 15.101658
-7.647938 -12.621919 16.422712
-13.136574 -17.730985 27.601459
-13.019511 -7.722077 37.844931
-6.172246 0.069537 31.575510
-2.057954 0.158762 24.071852
-0.973609 -0.696185 18.464599
-1.159007 -1.754099 14.249645
-2.255789 -3.984449 11.328825
-5.089501 -9.349367 10.772262
-11.243689 -18.928586 18.689957
-16.134106 -14.766444 38.841704
-8.528396 1.410662 36.482216
-1.239907 3.198779 26.932513
1.487445 3.180993 20.737478
3.111189 5.000739 16.706755
5.820201 9.576692 15.616422
10.720057 16.308218 21.696554
14.134938 13.468456 35.237630
9.231147 2.204361 34.951398
3.615275 -0.052806 27.096225
1.582429 0.800519 20.810566
1.523060 2.055726 16.118169
2.648777 4.471990 12.920897
5.592504 9.931429 12.447981
11.557306 18.584649 20.694647
15.404889 13.284235 38.417945
8.207646 -0.668536 35.423670
1.737173 -2.182345 26.433131
-0.599729 -1.929627 20.188060
-1.729869 -2.934883 15.715302
-3.474145 -5.993312 13.031709
-7.318798 -12.708762 14.377747
-13.610964 -19.253740 26.969495
-13.699330 -7.442347 39.465004
-5.669671 1.477108 32.010991
-1.010163 1.555414 24.087852
0.506227 1.404781 18.437502
1.352425 2.339446 14.274878
2.847882 5.063748 11.596631
6.363074 11.491857 12.171995
13.036736 20.128610 23.656805
15.021743 9.746410 40.474856
6.346259 -2.194385 33.651655
0.615072 -2.654426 25.094264
-1.436351 -2.823383 19.362412
-2.926183 -4.798188 15.551714
-5.703243 -9.628927 14.602117
-10.923903 -16.967366 21.244100
-14.564256 -13.613363 36.129824
-9.018392 -1.362801 35.241707
-3.064116 0.734628 26.927036
-0.916044 0.031965 20.555772
-0.544528 -0.573874 15.759177
-0.839026 -1.405200 12.127386
-1.822276 -3.360876 9.556896
-4.402156 -8.371783 8.872868
-10.488235 -18.642926 15.750370
-16.872683 -17.372531 38.295175
-9.399050 1.829863 38.166289
-0.929341 4.319549 27.844919
2.328388 4.393691 21.710124
4.332141 6.649166 18.237300
7.463978 11.504935 18.673298
11.850814 15.673295 26.569291
12.535194 9.459303 35.335253
7.545984 2.283615 31.829596
3.801948 1.678112 25.160788
2.961677 3.192034 19.923967
4.083647 6.118256 16.644746
7.235767 11.579152 17.120524
12.209681 16.789780 26.030800
13.144106 9.536018 36.589809
7.283651 1.213984 32.329777
3.035410 0.624812 25.018998
1.922068 1.814192 19.391869
2.528061 3.831811 15.375973
4.745717 8.071796 13.630272
9.543072 15.704939 18.009755
14.780084 16.687022 33.553815
10.817895 2.802530 37.363124
3.732922 -1.272524 28.708445
0.734371 -0.767173 21.803699
-0.097642 -0.535373 16.687460
-0.465350 -0.861198 12.799166
-1.060264 -1.951631 9.894419
-2.555940 -4.886868 8.101474
-6.441227 -12.312127 9.522402
-14.278151 -22.522439 24.366979
-15.389505 -7.226389 43.084463
-4.654747 4.611352 33.117257
1.268151 4.609701 24.916472
3.640045 5.651995 20.237888
6.085913 9.198267 18.651172
9.925151 14.158819 22.743058
12.764668 13.021122 32.352563
9.860754 4.872500 33.885787
5.359878 2.069235 27.910169
3.543387 3.027887 22.252624
4.040334 5.483954 18.389303
6.496962 10.024077 17.624505
10.859222 15.474452 23.626017
13.231311 12.056044 34.458890
8.901718 3.087545 33.611211
4.272252 1.268422 26.713740
2.744630 2.434166 20.955994
3.330974 4.769575 16.962044
5.772528 9.350448 15.761164
10.521764 16.019538 21.444117
14.064221 13.764118 34.769703
9.475576 2.571865 35.095969
3.833798 0.074798 27.346834
1.736309 0.928255 21.032791
1.692559 2.282123 16.331979
2.923500 4.906873 13.211245
6.089195 10.694514 13.151994
12.152277 18.856499 22.519901
14.959960 11.563047 38.874205
7.477517 -0.839914 34.367505
1.614609 -1.836501 25.738754
-0.416943 -1.551090 19.657644
-1.364581 -2.362682 15.212721
-2.814865 -4.927463 12.302829
-6.140315 -10.978415 12.495189
-12.519584 -19.518920 22.762475
-15.113117 -10.934790 39.733953
-6.998933 1.568617 34.172390
-1.097400 2.324610 25.490996
0.982716 2.271150 19.554312
2.237845 3.727024 15.399646
4.454458 7.654454 13.430360
9.106774 15.202647 17.158428
14.698741 17.455130 32.484533
11.390338 3.449891 37.940845
4.011158 -1.391742 29.290965
0.725882 -0.956145 22.209941
-0.236791 -0.785454 17.000644
-0.746147 -1.338351 13.067406
-1.655875 -3.024783 10.231363
-3.927275 -7.415766 9.075339
-9.386948 -16.970189 14.096246
-16.500897 -19.517305 35.175681
-10.983457 0.050891 39.637693
-1.861481 4.169957 28.964162
1.845767 4.050163 22.316620
3.779788 5.862282 18.322456
6.599438 10.332047 17.701301
11.066110 15.643274 24.101817
13.183612 11.613891 34.784827
8.631843 2.826125 33.340686
4.118487 1.261665 26.411218
2.705937 2.478661 20.718142
3.361238 4.865412 16.798057
5.881953 9.555865 15.740813
10.713199 16.228563 21.784646
14.075438 13.413650 35.143077
9.238891 2.299149 34.887661
3.679651 0.041148 27.100269
1.669974 0.914091 20.836796
1.653503 2.252194 16.172345
2.884519 4.861985 13.070004
6.045091 10.651945 12.997661
12.139933 18.919958 22.362969
15.030318 11.659395 38.951762
7.489279 -0.919398 34.448390
1.561228 -1.930661 25.774092
-0.504840 -1.676279 19.692526
-1.508153 -2.588062 15.274463
-3.086389 -5.384625 12.482197
-6.665924 -11.803000 13.189708
-13.111943 -19.638638 24.712241
-14.537050 -9.172070 39.882881
-6.286748 1.679512 33.146736
-0.955305 2.062717 24.816359
0.877179 2.024719 19.032900
2.019899 3.399148 14.920853
4.099323 7.132613 12.808987
8.618499 14.714137 15.931211
14.690268 18.456671 31.291431
12.063983 4.037985 38.774794
4.187798 -1.778637 29.963309
0.501654 -1.448517 22.655490
-0.701967 -1.516031 17.379704
-1.601054 -2.762811 13.524947
-3.416945 -6.129534 11.310770
-7.648958 -13.655002 13.429380
-14.530378 -20.255992 28.524319
-13.457153 -5.423636 40.464511
-4.532673 2.694936 31.345990
0.039795 2.564211 23.582223
1.738778 3.078635 18.310037
3.379109 5.579972 14.979718
6.655982 11.221078 15.137738
12.257918 17.938622 24.438599
14.048118 10.412863 37.816946
7.337237 0.167103 33.324657
2.300522 -0.622901 25.317108
0.725969 0.095202 19.356092
0.541044 0.678685 14.844508
0.935304 1.617583 11.440860
2.101593 3.921019 9.118663
5.143128 9.793095 9.102756
11.962952 20.472998 18.728466
16.687776 13.641466 41.110074
7.451288 -3.219999 36.077544
0.038834 -4.306018 26.546732
-2.744196 -4.692441 20.952708
-4.848122 -7.431687 18.052904
-8.302902 -12.616318 19.665999
-12.472063 -15.334484 28.856121
-11.763149 -7.532076 35.400625
-6.595557 -1.897874 30.450714
-3.512608 -1.976772 24.024181
-3.134859 -3.746224 19.169433
-4.655866 -7.146097 16.487546
-8.307546 -13.091405 18.416797
-13.066047 -16.371375 29.200005
-12.060933 -6.877145 36.566522
-6.037491 -0.802741 30.521875
-2.669775 -0.976529 23.611225
-2.079061 -2.366650 18.397335
-3.094954 -4.886701 14.880950
-5.976770 -10.150962 14.341789
-11.463841 -17.627961 22.087542
-14.613996 -12.599983 37.181770
-8.347529 -0.575990 34.701159
-2.574535 0.964110 26.322021
-0.581662 0.327621 20.079584
-0.137181 0.019707 15.375012
-0.090467 -0.117522 11.776591
-0.171651 -0.314003 9.022385
-0.421185 -0.818891 6.924630
-1.119613 -2.242834 5.402774
-3.114388 -6.330372 4.900477
-8.583679 -16.785782 9.594884
-17.593888 -23.162541 34.336588
-11.908760 1.723052 42.239238
-0.647847 6.663235 30.000461
3.819623 6.486878 24.137238
6.119568 8.459327 21.767448
8.802559 11.719796 23.400717
11.149215 12.309820 29.086252
10.340640 7.765985 32.163580
7.298466 4.486999 29.109859
5.469118 4.698169 24.666928
5.701046 6.871228 21.614183
7.702061 10.429480 21.629813
10.595594 13.101389 26.442111
11.353875 9.976899 32.170651
8.492657 4.997861 31.031132
5.719634 3.968667 26.302576
5.088517 5.502490 22.253558
6.438013 8.676101 20.557248
9.351125 12.641201 23.293368
11.777477 12.524580 30.399533
10.138670 6.624704 32.834600
6.537905 3.575154 28.552178
4.786267 4.221385 23.630580
5.257948 6.700429 20.406484
7.612239 10.802731 20.560878
11.037721 14.020012 26.438764
11.817828 9.913022 33.299026
8.219382 4.050746 31.424156
5.050964 3.139819 25.904481
4.360228 4.767870 21.355329
5.742947 8.086805 19.131832
8.978607 12.895467 21.538369
12.294764 13.936302 30.081938
10.850701 6.751565 34.195055
6.399904 2.613293 29.339249
4.041707 3.047262 23.603822
4.145674 5.246027 19.482960
6.228282 9.324804 18.183703
10.182226 14.571407 22.813442
12.979151 12.908420 32.986412
9.645829 4.317756 33.950783
5.016587 1.749226 27.606598
3.250406 2.776956 21.861444
3.757773 5.183355 17.905493
6.195533 9.732490 16.922347
10.706669 15.675195 22.749384
13.555608 12.752445 34.543528
9.158616 2.942392 34.210783
4.135917 0.825291 27.001698
2.374667 1.863628 21.003737
2.718930 3.844115 16.687356
4.742848 7.815787 14.642021
9.165480 14.854349 18.222571
14.236024 16.631137 32.155082
11.246210 4.101711 37.179080
4.478824 -0.577980 29.220542
1.417180 -0.068376 22.276505
0.763928 0.695113 17.087175
1.056044 1.695308 13.177619
2.182229 3.942087 10.479518
5.085805 9.478665 10.110614
11.478559 19.479170 18.598121
16.375339 14.482707 39.667919
8.172957 -2.095358 36.399904
0.794592 -3.632232 26.795876
-1.966376 -3.764559 20.795073
-3.789374 -5.977457 17.149871
-6.868508 -11.000526 17.086115
-11.729754 -16.490494 24.952538
-13.327634 -10.603251 36.052996
-7.878432 -1.725248 32.933123
-3.391417 -0.727927 25.629798
-2.108354 -1.909719 19.904239
-2.675068 -3.977007 15.830688
-4.905029 -8.243630 14.109697
-9.661143 -15.682795 18.591126
-14.621295 -16.216760 33.641909
-10.646364 -2.903165 36.973714
-3.838345 0.961122 28.546082
-0.984384 0.400378 21.721532
-0.302570 -0.076285 16.629062
-0.277153 -0.402526 12.742192
-0.546896 -0.992105 9.783749
-1.312829 -2.521551 7.631430
-3.398246 -6.691359 6.761521
-8.814879 -16.709706 11.396258
-17.069891 -21.759742 34.355960
-11.698130 0.728635 41.288739
-1.297822 5.569390 29.670504
2.925563 5.462673 23.318306
5.161703 7.530288 20.175065
8.117901 11.663048 21.098674
11.528844 14.005370 27.943190
11.431936 8.627646 33.699743
7.489443 3.513926 30.529307
4.711984 3.242892 24.972625
4.407366 5.152917 20.700343
6.121204 8.800854 19.013423
9.626087 13.633503 22.509565
12.530767 13.213686 31.534828
10.158949 5.570793 33.850753
5.779603 2.411917 28.344923
3.850515 3.230641 22.763079
4.274148 5.667589 18.941666
6.668471 10.094021 18.248316
10.828190 15.131689 24.084412
12.948133 11.742529 34.100930
8.864220 3.423230 33.247020
4.515180 1.687405 26.672569
3.118596 2.930009 21.113660
3.868043 5.524865 17.408357
6.572889 10.414085 16.942923
11.291247 16.196021 23.916741
13.487522 11.599409 35.494221
8.438799 2.195226 33.531050
3.691315 0.744561 26.223056
2.203483 1.871733 20.372623
2.671557 3.889562 16.186009
4.799272 8.004664 14.299280
9.396313 15.275419 18.312608
14.461126 16.513467 32.893981
10.975920 3.474253 37.150375
4.137399 -0.821518 28.900339
1.161941 -0.285026 22.000052
0.478145 0.306219 16.850346
0.570964 0.891368 12.931789
1.169129 2.122847 10.015459
2.786048 5.308383 8.293002
6.954099 13.179874 10.226834
14.862792 22.471818 26.525223
14.632894 5.462727 42.753955
4.020225 -4.575280 32.236785
-1.400799 -4.460891 24.389391
-3.648527 -5.650410 19.838521
-6.149200 -9.369225 18.403546
-10.115429 -14.453695 22.879419
-12.893657 -12.880718 32.819978
-9.678074 -4.472627 33.881368
-5.118151 -1.874510 27.660090
-3.361667 -2.896190 21.963763
-3.887381 -5.342938 18.067191
-6.359345 -9.922563 17.222824
-10.829870 -15.646403 23.235128
-13.415276 -12.346403 34.609050
-8.979468 -2.928864 33.891667
-4.150543 -1.006975 26.802457
-2.516762 -2.110326 20.918428
-2.979117 -4.251880 16.746840
-5.202373 -8.524977 15.069636
-9.825443 -15.520340 19.645022
-14.267525 -15.384030 33.611729
-10.387438 -3.214140 36.258550
-4.102780 0.330838 28.304193
-1.507028 -0.340323 21.654409
-1.120726 -1.320410 16.670848
-1.785934 -2.958429 13.029456
-3.754159 -6.754593 11.125318
-8.397500 -14.868340 14.275966
-15.184765 -19.750280 31.168043
-12.436166 -3.406522 39.922409
-3.665929 2.864589 30.222234
0.379244 2.611581 22.848402
1.976307 3.365639 17.829841
3.780871 6.257975 14.849415
7.429757 12.408109 15.949018
13.061570 17.997920 27.001280
13.293623 8.124579 38.091959
6.297458 -0.217461 31.918356
1.966285 -0.403062 24.268192
0.754044 0.347171 18.581352
0.757227 1.089703 14.275715
1.432682 2.527214 11.101120
3.271787 6.110353 9.364876
7.829288 14.424441 12.122090
15.387835 21.387604 29.735249
13.294262 3.566258 41.427607
3.460615 -3.965202 30.953220
-1.164786 -3.778280 23.478604
-3.146237 -4.992390 18.837640
-5.551720 -8.759045 17.023780
-9.747182 -14.674539 21.104505
-13.439504 -14.320137 32.641417
-10.297789 -4.386391 35.148367
-4.918892 -0.978604 28.314122
-2.647692 -1.777134 22.060492
-2.729565 -3.645207 17.493051
-4.518726 -7.300982 15.090703
-8.590460 -13.939077 17.711321
-13.782440 -17.033197 30.421142
-11.917496 -5.509334 37.381722
-5.190066 0.225088 30.067312
-1.811254 -0.123627 22.967752
-1.085570 -1.059563 17.655892
-1.528237 -2.435856 13.713096
-3.097900 -5.519217 11.284755
-6.948879 -12.524753 12.567223
-13.836358 -20.476424 25.933392
-14.378382 -7.532666 40.790793
-5.381410 2.596912 32.522229
-0.201255 2.696613 24.350577
1.683560 3.071348 18.874423
3.294062 5.399116 15.367809
6.411921 10.760755 15.175350
11.856285 17.591356 23.601390
14.161486 11.313871 37.291966
7.835817 0.605880 33.805659
2.608644 -0.507147 25.766379
0.925553 0.267875 19.711748
0.783532 1.033059 15.141816
1.381483 2.383438 11.753032
3.070386 5.676175 9.763269
7.269997 13.401992 11.745974
14.708896 21.437241 27.479825
14.088158 5.482032 41.664618
4.288470 -3.665932 31.840672
-0.743410 -3.565573 23.980342
-2.757313 -4.490395 19.019690
-4.946525 -7.858968 16.627959
-8.917083 -13.863210 19.437137
-13.342666 -15.685175 30.835131
-11.328169 -5.646054 36.113882
-5.481685 -0.788239 29.549379
-2.593112 -1.262083 22.904423
-2.283614 -2.815089 17.941820
-3.588005 -5.747516 14.806167
-6.947725 -11.670193 15.330823
-12.605416 -18.080359 25.386319
-13.815236 -9.506497 38.067807
-6.900608 0.072310 32.795383
-2.115424 0.598341 24.899265
-0.671134 -0.106608 19.041399
-0.519650 -0.669219 14.602449
-0.916831 -1.596042 11.252663
-2.076912 -3.887791 8.965924
-5.110485 -9.756659 8.957404
-11.949591 -20.517107 18.580392
-16.748724 -13.728847 41.180905
-7.452982 3.304963 36.138914
0.015951 4.392065 26.582974
2.822276 4.791946 21.019950
4.950635 7.560135 18.191326
8.415589 12.704386 19.939920
12.477198 15.147762 29.110098
11.617091 7.357146 35.249698
6.535094 1.974833 30.261674
3.567041 2.118746 23.927658
3.265306 3.952279 19.168261
4.877432 7.476051 16.664949
8.622847 13.436464 19.016860
13.169892 15.967227 30.002922
11.676717 6.299888 36.266772
5.800029 0.880800 30.023246
2.701321 1.210160 23.282857
2.277108 2.722758 18.223456
3.492887 5.547523 14.966146
6.715933 11.277421 15.191212
12.306724 17.940484 24.591788
14.003604 10.275397 37.833742
7.277543 0.152185 33.236269
2.288522 -0.597184 25.254750
0.740145 0.128091 19.311628
0.574610 0.736052 14.813592
1.005520 1.742713 11.428295
2.262083 4.219297 9.165499
5.518512 10.466625 9.461562
12.576629 21.011948 20.317792
16.354199 11.890177 41.743067
6.711802 -3.490514 35.173055
-0.198443 -4.187583 26.013821
-2.798527 -4.696286 20.581703
-4.925555 -7.589301 17.828034
-8.491800 -12.922636 19.760560
-12.661363 -15.326795 29.397532
-11.608029 -7.050343 35.497238
-6.330132 -1.697910 30.161653
-3.350667 -1.913750 23.724936
-3.042269 -3.697405 18.897288
-4.597012 -7.120395 16.232307
-8.302764 -13.171837 18.206813
-13.164426 -16.546741 29.259660
-12.106119 -6.756502 36.757887
-5.939570 -0.619350 30.528831
-2.526343 -0.805339 23.550793
-1.893933 -2.115664 18.290955
-2.801878 -4.435197 14.655695
-5.467770 -9.385078 13.682811
-10.845058 -17.268190 20.334133
-14.953476 -14.256617 36.456343
-9.136110 -0.919918 35.786864
-2.753296 1.316183 27.094747
-0.394734 0.763554 20.628350
0.289701 0.726563 15.800859
0.759762 1.363031 12.149940
1.720356 3.186752 9.545259
4.172145 7.950225 8.705375
10.041581 18.059656 14.851755
16.857276 18.430898 37.240731
10.013678 -1.350058 38.852484