-0.803135 -0.313865 -0.958047
-0.686872 0.178149 -0.862578
-0.618657 0.540687 -0.738851
-0.574860 0.813091 -0.598262
-0.539327 1.017494 -0.447066
-0.501519 1.165401 -0.290025
-0.455286 1.262445 -0.131688
-0.398120 1.311715 0.023494
-0.330517 1.315961 0.171592
-0.255243 1.278875 0.309772
-0.176446 1.205598 0.436706
-0.098743 1.102663 0.552650
-0.026456 0.977588 0.659182
0.036910 0.838326 0.758702
0.088896 0.692706 0.853871
0.128116 0.547959 0.947123
0.154154 0.410359 1.040350
0.167417 0.284974 1.134757
0.168989 0.175527 1.230889
0.160492 0.084352 1.328758
0.143945 0.012432 1.428034
0.121619 -0.040474 1.528231
0.095863 -0.075654 1.628871
0.068944 -0.095201 1.729581
0.042884 -0.101750 1.830134
0.019338 -0.098215 1.930445
-0.000490 -0.087537 2.030532
-0.015877 -0.072472 2.130465
-0.026569 -0.055432 2.230328
-0.032723 -0.038374 2.330188
-0.034825 -0.022756 2.430085
-0.033588 -0.009533 2.530030
-0.029854 0.000799 2.630017
-0.024493 0.008129 2.730029
-0.018324 0.012643 2.830052
-0.012053 0.014732 2.930073
-0.006235 0.014898 3.030086
-0.001260 0.013678 3.130091
0.002651 0.011585 3.230091
0.005420 0.009067 3.330086
0.007090 0.006480 3.430081
0.007788 0.004080 3.530077
0.007697 0.002032 3.630075
0.007021 0.000414 3.730074
0.005964 -0.000758 3.830074
0.004708 -0.001516 3.930075
0.003405 -0.001922 4.030076
0.002169 -0.002051 4.130076
0.001080 -0.001981 4.230077
0.000180 -0.001781 4.330077
-0.000514 -0.001511 4.430077
-0.001008 -0.001218 4.530077
-0.001322 -0.000934 4.630076
-0.001486 -0.000679 4.730076
-0.001530 -0.000466 4.830076
-0.001487 -0.000297 4.930076
-0.001385 -0.000169 5.030076
-0.001248 -0.000079 5.130076
-0.001097 -0.000020 5.230076
-0.000944 0.000016 5.330076
-0.000799 0.000033 5.430076
-0.000669 0.000039 5.530076
-0.000557 0.000036 5.630076
-0.000462 0.000028 5.730076
-0.000385 0.000018 5.830076
-0.000325 0.000007 5.930076
-0.000279 -0.000004 6.030076
-0.000245 -0.000014 6.130076
-0.000222 -0.000024 6.230076
-0.000208 -0.000034 6.330076
-0.000202 -0.000043 6.430076
-0.000203 -0.000053 6.530076
-0.000211 -0.000064 6.630076
-0.000225 -0.000077 6.730076
-0.000247 -0.000091 6.830076
-0.000277 -0.000109 6.930076
-0.000316 -0.000131 7.030076
-0.000367 -0.000159 7.130076
-0.000434 -0.000195 7.230076
-0.000521 -0.000241 7.330076
-0.000634 -0.000302 7.430076
-0.000782 -0.000382 7.530076
-0.000979 -0.000488 7.630076
-0.001241 -0.000632 7.730076
-0.001593 -0.000827 7.830076
-0.002072 -0.001095 7.930076
-0.002729 -0.001466 8.030075
-0.003638 -0.001986 8.130075
-0.004911 -0.002720 8.230074
-0.006709 -0.003768 8.330072
-0.009276 -0.005279 8.430068
-0.012979 -0.007480 8.530061
-0.018375 -0.010718 8.630047
-0.026322 -0.015528 8.730018
-0.038146 -0.022749 8.829957
-0.055924 -0.033699 8.929827
-0.082934 -0.050471 9.029539
-0.124397 -0.076424 9.128891
-0.188707 -0.116984 9.227402
-0.289457 -0.180985 9.323901
-0.448800 -0.282869 9.415491
-0.702838 -0.446166 9.494881
-1.109643 -0.708341 9.543515
-1.758029 -1.124543 9.514325
-2.763045 -1.756050 9.292810
-4.193288 -2.591732 8.637726
-5.828459 -3.317500 7.227155
-6.948460 -3.178338 5.160044
-6.997222 -1.800303 3.443330
-6.273600 0.023229 2.946037
-5.170916 1.339755 3.462535
-3.840947 1.884911 4.311423
-2.468778 1.900496 5.016685
-1.243837 1.701506 5.451366
-0.252552 1.469326 5.668606
0.505479 1.266473 5.750145
1.064872 1.100039 5.756470
1.463955 0.960711 5.725653
1.734990 0.838529 5.681359
1.903540 0.727424 5.638618
1.990328 0.625372 5.606740
2.013014 0.533061 5.590724
1.987238 0.452304 5.592204
1.926996 0.384784 5.610384
1.844635 0.331343 5.642997
1.750706 0.291797 5.687141
1.653852 0.265103 5.739893
1.560818 0.249695 5.798662
1.476584 0.243821 5.861315
1.404615 0.245815 5.926160
1.347150 0.254261 5.991861
1.305523 0.268077 6.057316
1.280454 0.286527 6.121551
1.272295 0.309188 6.183620
1.281225 0.335900 6.242526
1.307380 0.366690 6.297146
1.350925 0.401698 6.346172
1.412048 0.441071 6.388051
1.490890 0.484850 6.420946
1.587381 0.532815 6.442716
1.700988 0.584290 6.450949
1.830351 0.637926 6.443083
1.972853 0.691461 6.416659
2.124160 0.741548 6.369761
2.277873 0.783755 6.301646
2.425493 0.812885 6.213489
2.556891 0.823737 6.109044
2.661424 0.812279 5.994890
2.729559 0.776948 5.879924
2.754603 0.719576 5.774017
2.733996 0.645428 5.686143
2.669714 0.562186 5.622641
2.567744 0.478242 5.586266
2.436878 0.400961 5.576294
2.287250 0.335511 5.589459
2.128988 0.284514 5.621204
1.971188 0.248365 5.666791
1.821303 0.225916 5.722020
1.684909 0.215207 5.783525
1.565778 0.214056 5.848787
1.466134 0.220455 5.915978
1.387011 0.232772 5.983759
1.328617 0.249825 6.051094
1.290668 0.270866 6.117089
1.272659 0.295521 6.180881
1.274062 0.323714 6.241543
1.294459 0.355580 6.298011
1.333595 0.391372 6.349026
1.391371 0.431363 6.393072
1.467758 0.475725 6.428329
1.562627 0.524379 6.452652
1.675485 0.576804 6.463584
1.805104 0.631809 6.458462
1.949058 0.687275 6.434648
2.103221 0.739951 6.389956
2.261350 0.785399 6.323281
2.414953 0.818256 6.235396
2.553670 0.832955 6.129702
2.666341 0.824921 6.012608
2.742667 0.791989 5.893144
2.775086 0.735505 5.781657
2.760251 0.660539 5.687838
2.699605 0.574955 5.618788
2.598936 0.487622 5.577859
2.467152 0.406509 5.564631
2.314739 0.337338 5.575849
2.152304 0.283111 5.606764
1.989450 0.244408 5.652361
1.834090 0.220095 5.708164
1.692170 0.208120 5.770592
1.567722 0.206165 5.836980
1.463132 0.212075 5.905418
1.379506 0.224092 5.974532
1.317062 0.240937 6.043281
1.275482 0.261792 6.110788
1.254210 0.286244 6.176215
1.252659 0.314201 6.238671
1.270363 0.345804 6.297128
1.307043 0.381337 6.350365
1.362611 0.421124 6.396901
1.437094 0.465418 6.434945
1.530481 0.514249 6.462358
1.642465 0.567239 6.476654
1.772080 0.623364 6.475076
1.917225 0.680684 6.454805
2.074127 0.736095 6.413351
2.236851 0.785211 6.349180
2.397056 0.822541 6.262540
2.544254 0.842139 6.156319
2.666787 0.838797 6.036580
2.753496 0.809564 5.912362
2.795743 0.755071 5.794460
2.789122 0.679991 5.693396
2.734278 0.592252 5.617247
2.636595 0.501219 5.570204
2.504989 0.415593 5.552349
2.350285 0.341820 5.560550
2.183625 0.283451 5.589886
2.015224 0.241361 5.635023
1.853577 0.214496 5.691146
1.705117 0.200726 5.754391
1.574240 0.197579 5.821893
1.463565 0.202725 5.891624
1.374320 0.214249 5.962153
1.306760 0.230738 6.032425
1.260546 0.251283 6.101578
1.235062 0.275409 6.168803
1.229653 0.302995 6.233248
1.243789 0.334178 6.293934
1.277145 0.369265 6.349690
1.329629 0.408633 6.399088
1.401313 0.452617 6.440384
1.492303 0.501374 6.471469
1.602494 0.554690 6.489851
1.731220 0.611751 6.492706
1.876778 0.670857 6.477038
2.035859 0.729132 6.440041
2.202986 0.782332 6.379689
2.370137 0.824919 6.295582
2.526841 0.850601 6.189901
2.661004 0.853467 6.068135
2.760539 0.829592 5.939127
2.815511 0.778610 5.814037
2.820128 0.704504 5.704298
2.773879 0.615074 5.619202
2.681455 0.520149 5.564092
2.551606 0.429286 5.539836
2.395440 0.349876 5.543595
2.224689 0.286232 5.570334
2.050295 0.239698 5.614364
1.881484 0.209389 5.670446
1.725326 0.193133 5.734347
1.586710 0.188290 5.802929
1.468590 0.192321 5.873994
1.372389 0.203107 5.946023
1.298436 0.219069 6.017934
1.246388 0.239165 6.088871
1.215567 0.262835 6.158058
1.205237 0.289906 6.224689
1.214779 0.320497 6.287844
1.243803 0.354929 6.346416
1.292182 0.393627 6.399050
1.360017 0.437012 6.444072
1.447516 0.485371 6.479431
1.554782 0.538681 6.502664
1.681480 0.596376 6.510912
1.826371 0.657059 6.501035
1.986730 0.718176 6.469913
2.157707 0.775748 6.414986
2.331817 0.824316 6.335090
2.498825 0.857325 6.231485
2.646354 0.868143 6.108798
2.761385 0.851699 5.975373
2.832482 0.806291 5.842536
2.852085 0.734814 5.722642
2.818071 0.644615 5.626443
2.734024 0.545864 5.560829
2.608243 0.449075 5.527846
2.452001 0.362832 5.525233
2.277639 0.292511 5.547955
2.096954 0.240167 5.589947
1.920082 0.205238 5.645458
1.754922 0.185569 5.709762
1.607032 0.178350 5.779350
1.479841 0.180795 5.851777
1.375064 0.190529 5.925393
1.293167 0.205748 5.999060
1.233829 0.225238 6.071922
1.196317 0.248312 6.143236
1.179795 0.274717 6.212248
1.183534 0.304536 6.278106
1.207042 0.338087 6.339785
1.250127 0.375833 6.396020
1.312882 0.418275 6.445233
1.395593 0.465837 6.485469
1.498559 0.518697 6.514336
1.621787 0.576575 6.528988
1.764558 0.638437 6.526193
1.924839 0.702156 6.502552
2.098598 0.764163 6.454970
2.279152 0.819256 6.381425
2.456814 0.860785 6.282047
2.619197 0.881471 6.160250
2.752475 0.874969 6.023455
2.843575 0.837891 5.882788
2.882766 0.771513 5.751395
2.865732 0.682218 5.641682
2.794359 0.580219 5.562548
2.676049 0.477001 5.517774
2.521995 0.382619 5.506119
2.345112 0.303900 5.522785
2.158166 0.243966 5.561364
1.972413 0.202829 5.615484
1.796830 0.178469 5.679782
1.637875 0.167926 5.750227
1.499654 0.168127 5.824020
1.384315 0.176374 5.899306
1.292560 0.190570 5.974853
1.224135 0.209264 6.049787
1.178268 0.231592 6.123392
1.154012 0.257181 6.194973
1.150497 0.286046 6.263755
1.167090 0.318480 6.328811
1.203486 0.354966 6.388987
1.259724 0.396075 6.442831
1.336122 0.442359 6.488520
1.433137 0.494205 6.523785
1.551108 0.551637 6.545861
1.689857 0.614042 6.551499
1.848136 0.679816 6.537102
2.022915 0.745968 6.499082
2.208614 0.807787 6.434535
2.396502 0.858794 6.342284
2.574623 0.891270 6.224152
2.728669 0.897609 6.086083
2.843965 0.872423 5.938410
2.908247 0.814733 5.794677
2.914316 0.729193 5.668979
2.861547 0.625470 5.572708
2.755732 0.515834 5.512113
2.607532 0.412046 5.487678
2.430267 0.322872 5.495292
2.237742 0.253032 5.528348
2.042568 0.203508 5.579774
1.855106 0.172643 5.643372
1.683037 0.157404 5.714387
1.531420 0.154397 5.789497
1.403060 0.160525 5.866527
1.299040 0.173305 5.944084
1.219263 0.190958 6.021243
1.162951 0.212373 6.097305
1.129044 0.236999 6.171633
1.116499 0.264737 6.243543
1.124496 0.295824 6.312215
1.152557 0.330733 6.376631
1.200597 0.370084 6.435492
1.268901 0.414540 6.487149
1.358018 0.464685 6.529513
1.468564 0.520851 6.559979
1.600887 0.582878 6.575385
1.754562 0.649769 6.572060
1.927711 0.719276 6.546047
2.116161 0.787451 6.493625
2.312625 0.848356 6.412231
2.506209 0.894231 6.301769
2.682738 0.916461 6.166056
2.826287 0.907519 6.013765
2.921904 0.863523 5.858045
2.958789 0.786356 5.714339
2.932727 0.684097 5.596876
2.846814 0.569203 5.515274
2.710358 0.455176 5.472804
2.536653 0.353272 5.466868
2.340488 0.270547 5.491064
2.136039 0.209614 5.537629
1.935430 0.169609 5.599311
1.747996 0.147610 5.670336
1.580154 0.139917 5.746600
1.435700 0.142948 5.825420
1.316338 0.153708 5.905126
1.222283 0.169972 5.984679
1.152825 0.190270 6.063371
1.106810 0.213791 6.140621
1.082998 0.240254 6.215837
1.080327 0.269789 6.288326
1.098074 0.302822 6.357219
1.135943 0.339984 6.421402
1.194087 0.382017 6.479437
1.273045 0.429672 6.529475
1.373611 0.483570 6.569159
1.496571 0.543997 6.595540
1.642292 0.610612 6.605039
1.810111 0.682035 6.593538
1.997506 0.755352 6.556700
2.199133 0.825622 6.490672
2.405952 0.885649 6.393271
2.604900 0.926404 6.265584
2.779667 0.938493 6.113529
2.912947 0.914713 5.948526
2.989842 0.852967 5.786343
3.001286 0.758121 5.643881
2.946078 0.641463 5.534989
2.830750 0.517724 5.467205
2.667637 0.401052 5.440898
2.472135 0.301813 5.450801
2.260084 0.225304 5.488755
2.045776 0.172250 5.546279
1.840765 0.140280 5.616188
1.653414 0.125522 5.693189
1.489026 0.123840 5.773768
1.350326 0.131578 5.855767
1.238112 0.145885 5.937914
1.151902 0.164774 6.019437
1.090512 0.187039 6.099789
1.052502 0.212120 6.178474
1.036515 0.239960 6.254932
1.041496 0.270877 6.328466
1.066832 0.305461 6.398164
1.112413 0.344485 6.462839
1.178627 0.388815 6.520933
1.266283 0.439304 6.570421
1.376445 0.496640 6.608700
1.510124 0.561114 6.632487
1.667799 0.632273 6.637781
1.848684 0.708433 6.619979
2.049764 0.786091 6.574286
2.264675 0.859374 6.496590
2.482755 0.919840 6.384934
2.688856 0.957157 6.241414
2.864559 0.961069 6.073894
2.991135 0.924583 5.896406
3.053612 0.847242 5.727205
3.044407 0.736676 5.584560
2.964932 0.607096 5.481953
2.824683 0.475228 5.425038
2.638581 0.355717 5.411646
2.423832 0.258112 5.434257
2.197207 0.186191 5.483284
1.973155 0.139110 5.549699
1.762815 0.113271 5.626396
1.573802 0.104043 5.708474
1.410536 0.106940 5.792886
1.274894 0.118241 5.877884
1.166942 0.135195 5.962503
1.085633 0.155993 6.046181
1.029381 0.179628 6.128502
0.996504 0.205731 6.209049
0.985527 0.234416 6.287303
0.995389 0.266156 6.362582
1.025557 0.301683 6.433967
1.076077 0.341903 6.500236
1.147555 0.387816 6.559765
1.241079 0.440412 6.610415
1.358028 0.500513 6.649397
1.499753 0.568521 6.673146
1.667034 0.644028 6.677265
1.859265 0.725257 6.656621
2.073327 0.808361 6.605803
2.302287 0.886750 6.520131
2.534275 0.950845 6.397379
2.752273 0.988873 6.240046
2.935640 0.989275 6.057373
3.063708 0.944554 5.865690
3.120592 0.855107 5.685845
3.099217 0.730726 5.538003
3.002732 0.588327 5.436067
2.842973 0.446823 5.384596
2.637160 0.321848 5.379467
2.404327 0.222712 5.411195
2.162428 0.152193 5.468787
1.926454 0.108229 5.542510
1.707561 0.086170 5.625117
1.513011 0.080653 5.711882
1.346680 0.086781 5.800053
1.209835 0.100659 5.888178
1.101969 0.119523 5.975533
1.021547 0.141631 6.061736
0.966601 0.166083 6.146502
0.935176 0.192630 6.229505
0.925623 0.221502 6.310298
0.936799 0.253289 6.388254
0.968170 0.288836 6.462506
1.019860 0.329176 6.531870
1.092639 0.375453 6.594750
1.187847 0.428839 6.649004
1.307232 0.490382 6.691789
1.452631 0.560764 6.719399
1.625435 0.639892 6.727139
1.825722 0.726287 6.709360
2.051020 0.816266 6.659847
2.294758 0.903061 6.572832
2.544796 0.976313 6.444883
2.782861 1.022697 6.277593
2.985955 1.028475 6.080235
3.130369 0.984025 5.870636
3.197413 0.888709 5.672521
3.178413 0.753121 5.509361
3.076551 0.596626 5.397470
2.905053 0.441162 5.342075
2.683246 0.304760 5.338089
2.432375 0.197865 5.374231
2.172308 0.123205 5.437714
1.919446 0.077949 5.517512
1.685789 0.056456 5.605678
1.478938 0.052469 5.697258
1.302726 0.060424 5.789544
1.158133 0.075997 5.881248
1.044238 0.096184 5.971840
0.959057 0.119132 6.061116
0.900195 0.143917 6.148941
0.865317 0.170306 6.235122
0.852462 0.198577 6.319331
0.860247 0.229378 6.401062
0.887971 0.263630 6.479577
0.935676 0.302462 6.553840
1.004151 0.347158 6.622421
1.094887 0.399092 6.683363
1.209964 0.459622 6.734005
1.351810 0.529893 6.770773
1.522745 0.610473 6.788973
1.724200 0.700765 6.782670
1.955468 0.798120 6.744849
2.211973 0.896705 6.668160
2.483277 0.986487 6.546664
2.751620 1.053099 6.378781
2.992328 1.079778 6.170926
3.177410 1.052118 5.939993
3.282141 0.964535 5.712065
3.292048 0.824916 5.516043
3.206667 0.653683 5.374626
3.038431 0.477020 5.297691
2.808202 0.318218 5.281643
2.540093 0.191865 5.313917
2.257260 0.102757 5.379106
1.979164 0.048272 5.463553
1.720243 0.021863 5.557391
1.489753 0.015984 5.654573
1.292426 0.023844 5.751946
1.129530 0.040156 5.848166
1.000008 0.061235 5.942835
0.901476 0.084794 6.035944
0.831007 0.109645 6.127565
0.785691 0.135413 6.217701
0.763000 0.162304 6.306215
0.761027 0.190938 6.392800
0.778606 0.222235 6.476945
0.815389 0.257353 6.557891
0.871874 0.297645 6.634550
0.949401 0.344632 6.705391
1.050121 0.399962 6.768276
1.176876 0.465302 6.820233
1.332949 0.542123 6.857178
1.521544 0.631266 6.873615
1.744833 0.732197 6.862434
2.002381 0.841831 6.815052
2.288863 0.953003 6.722348
2.591422 1.053035 6.577006
2.887789 1.123615 6.377575
3.147199 1.143715 6.133414
3.335851 1.096532 5.867631
3.426119 0.978304 5.614136
3.405109 0.803332 5.407743
3.277638 0.600415 5.272113
3.062807 0.402142 5.213042
2.787437 0.233913 5.220455
2.479890 0.108525 5.276005
2.165671 0.027051 5.360855
1.864907 -0.016874 5.460276
1.591428 -0.032543 5.564841
1.353113 -0.029072 5.669559
1.153010 -0.013895 5.772359
0.990737 0.007629 5.872762
0.863804 0.032031 5.970967
0.768691 0.057342 6.067353
0.701626 0.082694 6.162234
0.659105 0.107990 6.255775
0.638213 0.133657 6.347967
0.636804 0.160485 6.438623
0.653594 0.189524 6.527368
0.688210 0.222041 6.613607
0.741211 0.259511 6.696454
0.814112 0.303622 6.774629
0.909394 0.356281 6.846288
1.030479 0.419586 6.908782
1.181613 0.495695 6.958319
1.367527 0.586513 6.989543
1.592691 0.693031 6.995062
1.859845 0.814129 6.965155
2.167515 0.944676 6.888098
2.506449 1.073121 6.751949
2.855825 1.179621 6.548830
3.181672 1.237153 6.281845
3.441016 1.218508 5.971991
3.593222 1.108980 5.658947
3.613838 0.917810 5.390581
3.502167 0.678325 5.204781
3.278432 0.434587 5.115700
2.974767 0.223921 5.113268
2.626378 0.066534 5.173448
2.265441 -0.034590 5.270328
1.917580 -0.087648 5.383678
1.600448 -0.105206 5.500989
1.324013 -0.099538 5.616150
1.091975 -0.080473 5.727121
0.903607 -0.054942 5.833925
0.755499 -0.027333 5.937362
0.642950 -0.000101 6.038337
0.560943 0.025660 6.137580
0.504776 0.049757 6.235582
0.470422 0.072573 6.332613
0.454715 0.094852 6.428755
0.455421 0.117569 6.523939
0.471259 0.141869 6.617950
0.501902 0.169060 6.710412
0.547988 0.200641 6.800744
0.611160 0.238356 6.888070
0.694136 0.284270 6.971081
0.800805 0.340836 7.047811
0.936320 0.410923 7.115293
1.107096 0.497740 7.169053
1.320548 0.604487 7.202397
1.584222 0.733489 7.205525
1.903777 0.884388 7.164724
2.279088 1.050949 7.062414
2.698114 1.216539 6.879712
3.129969 1.350219 6.603877
3.522289 1.408704 6.241307
3.810542 1.350724 5.830012
3.940660 1.161841 5.437451
3.891361 0.871521 5.135285
3.678617 0.543169 4.966034
3.342540 0.243021 4.928483
2.931284 0.013378 4.989557
2.490552 -0.134198 5.107197
2.057883 -0.210035 5.247220
1.659843 -0.233577 5.388942
1.311758 -0.224235 5.523177
1.019486 -0.197276 5.647822
0.782168 -0.163123 5.764068
0.594906 -0.128149 5.874086
0.450876 -0.095819 5.979927
0.342761 -0.067677 6.083160
0.263621 -0.044091 6.184846
0.207344 -0.024755 6.285653
0.168837 -0.009016 6.385968
0.144040 0.003921 6.486007
0.129869 0.014884 6.585879
0.124104 0.024675 6.685628
0.125278 0.034057 6.785264
0.132587 0.043776 6.884764
0.145817 0.054591 6.984082
0.165320 0.067329 7.083138
0.192030 0.082958 7.181802
0.227540 0.102682 7.279865
0.274246 0.128057 7.376987
0.335578 0.161158 7.472603
0.416346 0.204798 7.565767
0.523217 0.262803 7.654856
0.665353 0.340359 7.737056
0.855163 0.444355 7.807434
1.108967 0.583514 7.857309
1.446961 0.767735 7.871512
1.890851 1.005209 7.824312
2.455767 1.294472 7.675038
3.131527 1.607852 7.368887
3.853127 1.868742 6.856883
4.483144 1.948301 6.149308
4.855012 1.728798 5.373721
4.875417 1.217362 4.743213
4.573389 0.573832 4.415344
4.044287 -0.004004 4.394805
3.387097 -0.400802 4.574262
2.687770 -0.605610 4.830325
2.015683 -0.666662 5.081509
1.417146 -0.642851 5.294368
0.913848 -0.579590 5.465584
0.508328 -0.504880 5.603979
0.191720 -0.433578 5.720247
-0.049957 -0.372515 5.822994
-0.231882 -0.324146 5.918022
-0.368383 -0.288717 6.008799
-0.472071 -0.265463 6.097153
-0.553605 -0.253267 6.183867
-0.621808 -0.251016 6.269077
-0.683928 -0.257807 6.352505
-0.745973 -0.273048 6.433575
-0.813041 -0.296513 6.511434
-0.889639 -0.328342 6.584906
-0.979943 -0.369015 6.652399
-1.087982 -0.419277 6.711751
-1.217707 -0.479993 6.760042
-1.372876 -0.551892 6.793360
-1.556656 -0.635119 6.806580
-1.770822 -0.728529 6.793273
-2.014406 -0.828659 6.745954
-2.281834 -0.928488 6.657050
-2.560870 -1.016444 6.521014
-2.831394 -1.076605 6.337712
-3.066532 -1.091412 6.116243
-3.237337 -1.047354 5.876898
-3.320230 -0.941811 5.648477
-3.303858 -0.786805 5.460390
-3.191696 -0.606202 5.333175
-2.999625 -0.427423 5.272978
-2.750727 -0.272651 5.272654
-2.470030 -0.154049 5.317496
-2.180557 -0.073918 5.391519
-1.900927 -0.027843 5.481556
-1.644375 -0.008345 5.578644
-1.418888 -0.007626 5.677615
-1.228066 -0.019043 5.775975
-1.072291 -0.037624 5.872798
-0.949878 -0.060034 5.967919
-0.858053 -0.084296 6.061441
-0.793690 -0.109473 6.153479
-0.753816 -0.135383 6.244043
-0.735945 -0.162375 6.332992
-0.738269 -0.191173 6.420004
-0.759772 -0.222783 6.504549
-0.800284 -0.258433 6.585838
-0.860503 -0.299547 6.662741
-0.942000 -0.347724 6.733660
-1.047171 -0.404693 6.796352
-1.179129 -0.472208 6.847681
-1.341426 -0.551811 6.883316
-1.537491 -0.644355 6.897405
-1.769586 -0.749180 6.882354
-2.037065 -0.862813 6.829011
-2.333874 -0.977284 6.727747
-2.645699 -1.078620 6.571125
-2.948109 -1.146906 6.358458
-3.207986 -1.159864 6.101143
-3.390005 -1.100823 5.825344
-3.466809 -0.968162 5.567826
-3.427627 -0.779726 5.364465
-3.280309 -0.567547 5.237546
-3.046737 -0.365630 5.189925
-2.755648 -0.198755 5.208593
-2.436363 -0.077912 5.273368
-2.114554 -0.002248 5.364846
-1.809929 0.036017 5.468588
-1.535570 0.046937 5.575801
-1.298493 0.039879 5.682115
-1.100942 0.022225 5.785936
-0.941871 -0.000847 5.887084
-0.818297 -0.026082 5.985937
-0.726362 -0.051704 6.082961
-0.662086 -0.077004 6.178518
-0.621850 -0.102000 6.272797
-0.602694 -0.127204 6.365806
-0.602470 -0.153461 6.457379
-0.619919 -0.181862 6.547166
-0.654713 -0.213703 6.634602
-0.707475 -0.250488 6.718847
-0.779805 -0.293946 6.798672
-0.874300 -0.346049 6.872295
-0.994560 -0.409000 6.937136
-1.145095 -0.485127 6.989462
-1.331041 -0.576597 7.023932
-1.557459 -0.684782 7.033068
-1.827904 -0.809050 7.006845
-2.141885 -0.944786 6.932852
-2.491069 -1.080719 6.797928
-2.854962 -1.196569 6.592472
-3.198599 -1.263615 6.317892
-3.476284 -1.251657 5.994692
-3.643579 -1.142859 5.664418
-3.672828 -0.945198 5.378978
-3.562157 -0.693755 5.180476
-3.332642 -0.436361 5.085196
-3.018358 -0.213932 5.082505
-2.656669 -0.048576 5.146189
-2.281672 0.056604 5.248026
-1.920454 0.110724 5.366202
-1.591577 0.127526 5.487479
-1.305398 0.120274 5.605616
-1.065607 0.099460 5.718732
-0.871219 0.072397 5.827094
-0.718453 0.043666 5.931725
-0.602203 0.015793 6.033698
-0.517065 -0.010108 6.133864
-0.457986 -0.033850 6.232800
-0.420628 -0.055825 6.330840
-0.401543 -0.076770 6.428125
-0.398233 -0.097636 6.524651
-0.409160 -0.119522 6.620283
-0.433726 -0.143661 6.714758
-0.472273 -0.171453 6.807647
-0.526116 -0.204517 6.898299
-0.597604 -0.244780 6.985728
-0.690246 -0.294570 7.068434
-0.808849 -0.356700 7.144130
-0.959651 -0.434502 7.209298
-1.150317 -0.531699 7.258541
-1.389557 -0.651912 7.283667
-1.685889 -0.797429 7.272566
-2.044778 -0.966652 7.208317
-2.463217 -1.149694 7.069730
-2.921675 -1.322598 6.835856
-3.376423 -1.443840 6.497388
-3.760481 -1.461193 6.073850
-4.001847 -1.335482 5.624456
-4.053625 -1.070760 5.233960
-3.912865 -0.722535 4.973569
-3.613683 -0.370635 4.867466
-3.207293 -0.080002 4.891843
-2.746400 0.120099 4.999375
-2.276946 0.232461 5.144858
-1.833753 0.276908 5.297915
-1.438896 0.276778 5.443548
-1.102776 0.251684 5.577243
-0.826935 0.215477 5.699797
-0.607265 0.176833 5.813844
-0.436700 0.140616 5.922104
-0.307122 0.109166 6.026728
-0.210542 0.083269 6.129203
-0.139740 0.062822 6.230474
-0.088538 0.047271 6.331097
-0.051865 0.035881 6.431385
-0.025677 0.027900 6.531508
-0.006830 0.022648 6.631548
0.007087 0.019566 6.731547
0.017903 0.018227 6.831524
0.027022 0.018343 6.931483
0.035553 0.019754 7.031423
0.044426 0.022428 7.131339
0.054500 0.026464 7.231219
0.066666 0.032102 7.331042
0.081952 0.039748 7.430777
0.101650 0.050024 7.530367
0.127469 0.063838 7.629720
0.161753 0.082499 7.728669
0.207776 0.107887 7.826923
0.270170 0.142703 7.923953
0.355550 0.190838 8.018780
0.473394 0.257888 8.109564
0.637282 0.351857 8.192789
0.866461 0.483966 8.261664
1.187449 0.669191 8.302998
1.634270 0.925190 8.291460
2.243225 1.265831 8.180356
3.032592 1.681093 7.892245
3.954717 2.094400 7.328524
4.835719 2.319588 6.442144
5.402839 2.122671 5.376061
5.477058 1.450453 4.478882
5.105430 0.551670 4.041300
4.441483 -0.236414 4.070985
3.619161 -0.733622 4.374048
2.748849 -0.946127 4.746374
1.923566 -0.968359 5.071883
1.203910 -0.895149 5.317818
0.613572 -0.788787 5.494028
0.149768 -0.681489 5.621741
-0.203670 -0.587010 5.719785
-0.467252 -0.509820 5.801245
-0.661134 -0.450278 5.874097
-0.803183 -0.407119 5.942700
-0.908431 -0.378553 6.009104
-0.989152 -0.362747 6.073983
-1.055181 -0.358035 6.137204
-1.114307 -0.363008 6.198166
-1.172656 -0.376542 6.255959
-1.235033 -0.397780 6.309433
-1.305199 -0.426081 6.357200
-1.386059 -0.460925 6.397612
-1.479756 -0.501789 6.428730
-1.587648 -0.547969 6.448313
-1.710160 -0.598369 6.453869
-1.846510 -0.651243 6.442785
-1.994335 -0.703954 6.412618
-2.149299 -0.752791 6.361570
-2.304820 -0.793007 6.289157
-2.452141 -0.819202 6.196974
-2.580948 -0.826171 6.089318
-2.680623 -0.810147 5.973329
-2.741970 -0.770094 5.858317
-2.758944 -0.708515 5.754260
-2.729823 -0.631297 5.669868
-2.657450 -0.546498 5.610917
-2.548531 -0.462548 5.579482
-2.412332 -0.386546 5.574234
-2.259196 -0.323229 5.591502
-2.099223 -0.274763 5.626551
-1.941313 -0.241172 5.674645
-1.792624 -0.221064 5.731689
-1.658408 -0.212358 5.794463
-1.542126 -0.212850 5.860584
-1.445744 -0.220567 5.928331
-1.370098 -0.233943 5.996442
-1.315260 -0.251873 6.063924
-1.280868 -0.273682 6.129903
-1.266384 -0.299062 6.193518
-1.271283 -0.327987 6.253823
-1.295168 -0.360629 6.309730
-1.337820 -0.397265 6.359933
-1.399171 -0.438172 6.402862
-1.479208 -0.483502 6.436634
-1.577781 -0.533128 6.459027
-1.694325 -0.586440 6.467516
-1.827460 -0.642105 6.459388
-1.974511 -0.697814 6.432005
-2.131002 -0.750080 6.383272
-2.290259 -0.794226 6.312312
-2.443340 -0.824712 6.220285
-2.579532 -0.835959 6.111127
-2.687553 -0.823629 5.991826
-2.757314 -0.786063 5.871882
-2.781806 -0.725291 5.761822
-2.758476 -0.647050 5.671141
-2.689625 -0.559648 5.606414
-2.581782 -0.472055 5.570312
-2.444368 -0.392020 5.561783
-2.288114 -0.324844 5.577130
-2.123630 -0.273071 5.611397
-1.960345 -0.236889 5.659550
-1.805887 -0.214904 5.717212
-1.665883 -0.204932 5.780946
-1.544055 -0.204617 5.848228
-1.442522 -0.211838 5.917258
-1.362187 -0.224900 5.986742
-1.303125 -0.242599 6.055688
-1.264935 -0.264192 6.123240
-1.247022 -0.289331 6.188566
-1.248801 -0.317978 6.250758
-1.269826 -0.350315 6.308766
-1.309856 -0.386651 6.361329
-1.368839 -0.427322 6.406913
-1.446828 -0.472568 6.443665
-1.543808 -0.522383 6.469370
-1.659421 -0.576313 6.481466
-1.792576 -0.633211 6.477136
-1.940957 -0.690958 6.453534
-2.100468 -0.746223 6.408227
-2.264756 -0.794366 6.339862
-2.425019 -0.829689 6.249032
-2.570371 -0.846172 6.139125
-2.688948 -0.838772 6.016797
-2.769710 -0.804983 5.891606
-2.804489 -0.746097 5.774620
-2.789627 -0.667486 5.676252
-2.726624 -0.577592 5.604113
-2.621636 -0.485960 5.561726
-2.484144 -0.401126 5.548517
-2.325266 -0.329146 5.560869
-2.156196 -0.273106 5.593613
-1.987004 -0.233474 5.641371
-1.825925 -0.208911 5.699412
-1.679079 -0.197136 5.764014
-1.550552 -0.195627 5.832455
-1.442694 -0.202078 5.902822
-1.356524 -0.214632 5.973769
-1.292145 -0.231953 6.044294
-1.249128 -0.253203 6.113560
-1.226814 -0.277974 6.180766
-1.224542 -0.306200 6.245050
-1.241802 -0.338062 6.305412
-1.278309 -0.373898 6.360646
-1.334010 -0.414100 6.409278
-1.409013 -0.459003 6.449502
-1.503436 -0.508737 6.479137
-1.617147 -0.563030 6.495612
-1.749390 -0.620967 6.496028
-1.898285 -0.680686 6.477343
-2.060241 -0.739099 6.436766
-2.229389 -0.791709 6.372397
-2.397251 -0.832737 6.284119
-2.552913 -0.855755 6.174565
-2.683993 -0.854924 6.049807
-2.778403 -0.826676 5.919254
-2.826565 -0.771257 5.794437
-2.823359 -0.693364 5.686797
-2.769106 -0.601385 5.605256
-2.669297 -0.505429 5.554527
-2.533299 -0.414975 5.534803
-2.372580 -0.337066 5.542712
-2.198981 -0.275562 5.572918
-2.023348 -0.231381 5.619647
-1.854678 -0.203329 5.677725
-1.699744 -0.189052 5.743050
-1.563132 -0.185845 5.812629
-1.447525 -0.191179 5.884384
-1.354125 -0.202986 5.956888
-1.283105 -0.219757 6.029113
-1.234019 -0.240525 6.100237
-1.206139 -0.264795 6.169494
-1.198716 -0.292449 6.236075
-1.211148 -0.323654 6.299041
-1.243080 -0.358765 6.357258
-1.294431 -0.398230 6.409329
-1.365343 -0.442476 6.453525
-1.456053 -0.491780 6.487727
-1.566662 -0.546078 6.509395
-1.696781 -0.604726 6.515584
-1.845042 -0.666195 6.503089
-2.008488 -0.727741 6.468763
-2.181929 -0.785142 6.410113
-2.357441 -0.832680 6.326179
-2.524325 -0.863601 6.218601
